50.000 12 6 0
100.000 12 6 0
150.000 12 6 0
200.000 12 6 0
250.000 12 6 0
300.000 12 6 0
350.000 12 6 0
400.000 12 6 0
450.000 12 6 0
500.000 12 6 0
550.000 12 6 0
600.000 12 6 0
650.000 12 6 0
700.000 12 6 0
750.000 12 6 0
800.000 12 6 0
850.000 12 6 0
900.000 12 6 0
950.000 12 6 0
1000.000 12 6 0
1050.000 12 6 0
1100.000 12 6 0
1150.000 12 6 0
1200.000 12 6 0
1250.000 12 6 0
1300.000 12 6 0
1350.000 12 6 0
1400.000 12 6 0
1450.000 12 6 0
1500.000 12 6 0
1550.000 12 6 0
1600.000 12 6 0
1650.000 12 6 0
1700.000 12 6 0
1750.000 12 6 0
1800.000 12 6 0
1850.000 12 6 0
1900.000 12 6 0
1950.000 12 6 0
2000.000 12 6 0
2050.000 11 5 0
2100.000 11 5 0
2150.000 11 4 0
2200.000 11 4 0
2250.000 12 5 0
2300.000 12 6 0
2350.000 12 7 0
2400.000 12 8 0
2450.000 12 8 0
2500.000 12 9 0
2550.000 10 9 0
2600.000 8 8 0
2650.000 6 7 0
2700.000 4 6 0
2750.000 3 5 0
2800.000 3 2 0
2850.000 6 0 0
2900.000 7 0 0
2950.000 12 0 0
3000.000 14 1 0
3050.000 15 6 0
3100.000 15 6 0
3150.000 15 9 0
3200.000 14 9 0
3250.000 14 10 0
3300.000 13 10 0
3350.000 11 9 0
3400.000 8 8 0
3450.000 4 5 0
3500.000 4 3 0
3550.000 4 3 0
3600.000 7 1 0
3650.000 10 1 0
3700.000 12 2 0
3750.000 12 2 0
3800.000 13 4 0
3850.000 13 4 0
3900.000 13 4 0
3950.000 13 4 0
4000.000 13 4 0
4050.000 13 4 0
4100.000 13 4 0
4150.000 13 4 0
4200.000 13 4 0
4250.000 13 4 0
4300.000 13 4 0
4350.000 13 4 0
4400.000 13 4 0
4450.000 13 4 0
4500.000 13 4 1
4550.000 13 4 1
4600.000 13 4 2
4650.000 13 4 3
4700.000 13 4 3
4750.000 13 4 3
4800.000 13 4 3
4850.000 13 4 4
4900.000 13 4 4
4950.000 13 4 4
5000.000 13 4 4
5050.000 13 4 3
5100.000 13 4 3
5150.000 13 4 2
5200.000 13 4 2
5250.000 13 4 1
5300.000 13 4 0
5350.000 13 4 0
5400.000 13 4 0
5450.000 13 4 0
5500.000 13 4 0
5550.000 13 4 0
5600.000 13 4 0
5650.000 13 4 1
5700.000 13 4 2
5750.000 13 4 3
5800.000 13 4 3
5850.000 13 4 3
5900.000 13 4 3
5950.000 13 4 4
6000.000 13 4 4
6050.000 13 4 3
6100.000 13 4 3
6150.000 13 4 1
6200.000 13 4 1
6250.000 13 4 1
6300.000 13 4 1
6350.000 13 4 0
6400.000 13 4 0
6450.000 13 4 0
6500.000 13 4 0
6550.000 13 4 0
6600.000 13 4 0
6650.000 13 4 0
6700.000 13 4 0
6750.000 13 4 0
6800.000 13 4 0
6850.000 13 4 0
6900.000 13 4 0
6950.000 14 3 0
7000.000 14 2 0
7050.000 13 2 0
7100.000 11 2 0
7150.000 10 1 0
7200.000 8 1 0
7250.000 6 2 0
7300.000 5 2 0
7350.000 5 2 0
7400.000 4 2 0
7450.000 4 2 0
7500.000 4 2 0
7550.000 4 2 0
7600.000 4 2 0
7650.000 4 2 0
7700.000 4 2 0
7750.000 4 2 0
7800.000 4 2 0
7850.000 4 2 0
7900.000 4 2 0
7950.000 4 2 0
8000.000 4 2 0
8050.000 4 2 0
8100.000 4 2 0
8150.000 4 2 0
8200.000 4 2 0
8250.000 4 2 0
8300.000 4 2 0
8350.000 4 2 0
8400.000 4 2 0
8450.000 4 2 0
8500.000 4 2 0
8550.000 4 2 0
8600.000 4 2 0
